[
    {
        "main/loss": 1.4675955772399902,
        "main/accuracy": 0.4586292505264282,
        "validation/main/loss": 1.201350212097168,
        "validation/main/accuracy": 0.573046863079071,
        "epoch": 1,
        "iteration": 352,
        "elapsed_time": 30.474642300000003
    }
]